    17   17       
         0.0000159410        0.0000994480       -2.2066929640    
         0.0580963160        0.0577050860       -2.7701448820    
        -0.4293821140       -0.2716997790       -1.9473438790    
         1.7671953160        0.9840130630       -2.8354861060    
        -0.0563091740        0.5501256170       -2.0685843500    
         1.7347423180       -1.0720881750        2.8523544340    
         0.4274310310       -0.3380851420       -2.0386618730    
        -1.7573092830        1.0057374090       -2.8788055110    
        -0.0000585440       -0.0000612210        2.2067267960    
        -0.4083747340        0.3594054790        2.0394120530    
         0.0739347600       -0.5540562100        2.1017915090    
        -1.7326288220       -1.0290428500        2.9279711640    
        -0.0726817370       -0.0790045170        2.7638588290    
         0.4080646980        0.2753542560        1.9190972980    
         0.0399892190        0.0619102800        0.0050906270    
         0.0188693710       -2.0032620370       -2.9336945130    
        -0.0369043700        2.0542645600        2.7971300240    
        -0.0000997760        0.0000679200       -2.2066972930    
        -1.7538547300        1.0719791090       -2.8398312310    
         0.4410368110       -0.3082823510       -2.0140712080    
        -0.0228973410        0.5498116950       -2.0586032620    
         0.0233403520        0.0376033800       -2.7740156710    
        -0.4401130330       -0.2804993250       -1.9781922950    
        -1.7514044350       -0.9897766200        2.8721198380    
         0.0001336250        0.0000102540        2.2067439470    
        -0.0221884850       -0.0213112270       -0.0011472100    
        -0.0461233650       -0.5359938270        2.0172276740    
         0.0521994330        0.0039042330        2.7731066840    
         0.4608363860        0.2973813420        2.0540940790    
        -0.4688941140        0.2346793000        1.9798171720    
         1.7556043610        0.9601561530       -2.9214685970    
         0.0980619310       -2.0320066480       -2.8509212500    
         1.7506425440       -1.0327655420        2.8713961870    
        -0.0403509430        2.0185977280        2.8975870580    
