   2          TOTAL NUMBER OF ATOM TYPES
  14  14      ELECTRONIC AND NUCLEAR CHARGE
ALL           ALL-ELECTRON ATOM TYPE
   2          NUMBER OF ATOMS OF TYPE SIL
ALL-SIL001
ALL-SIL002
EXTRABASIS    CONTROLS USAGE OF SUPPLEMENTARY BASIS FUNCTIONS
  16          NUMBER OF BARE GAUSSIANS
   6   5   3  NUMBER OF S,P,D FUNCTIONS
   0   0   1  SUPPLEMENTARY S,P,D FUNCTIONS
       0.34381747D+06       0.51581212D+05       0.11757393D+05
       0.33334467D+04       0.10879412D+04       0.39269596D+03
       0.15281403D+03       0.62998624D+02       0.27056259D+02
       0.11870421D+02       0.52286850D+01       0.23110424D+01
       0.10043844D+01       0.37071721D+00       0.14523667D+00
       0.53955800D-01

       0.43351194D+00       0.81018638D+00       0.13993031D+01
       0.22735630D+01       0.34741018D+01       0.48760057D+01
       0.59070248D+01       0.54838014D+01       0.30532038D+01
       0.63252882D+00       0.10913707D-01       0.20806614D-02
      -0.58176857D-03       0.12431606D-03      -0.28211566D-04
       0.37270242D-05

      -0.11497571D+00      -0.21478244D+00      -0.37186367D+00
      -0.60589618D+00      -0.93914232D+00      -0.13575329D+01
      -0.17822204D+01      -0.19493070D+01      -0.15311444D+01
      -0.33411627D+00       0.71069198D+00       0.75863463D+00
       0.20918178D+00       0.47073505D-02      -0.40324580D-04
      -0.72182381D-05

       0.33036192D-01       0.61794733D-01       0.10679966D+00
       0.17450465D+00       0.26988863D+00       0.39266652D+00
       0.51597698D+00       0.57640945D+00       0.46071973D+00
       0.11358979D+00      -0.26607978D+00      -0.36516492D+00
      -0.17255640D+00       0.13059777D+00       0.11762891D+00
       0.11357877D-01

       0.00000000D+00       0.00000000D+00       0.00000000D+00
       0.00000000D+00       0.00000000D+00       0.00000000D+00
       0.00000000D+00       0.00000000D+00       0.00000000D+00
       0.00000000D+00       0.00000000D+00       0.00000000D+00
       0.00000000D+00       0.10000000D+01       0.00000000D+00
       0.00000000D+00

       0.00000000D+00       0.00000000D+00       0.00000000D+00
       0.00000000D+00       0.00000000D+00       0.00000000D+00
       0.00000000D+00       0.00000000D+00       0.00000000D+00
       0.00000000D+00       0.00000000D+00       0.00000000D+00
       0.00000000D+00       0.00000000D+00       0.10000000D+01
       0.00000000D+00

       0.00000000D+00       0.00000000D+00       0.00000000D+00
       0.00000000D+00       0.00000000D+00       0.00000000D+00
       0.00000000D+00       0.00000000D+00       0.00000000D+00
       0.00000000D+00       0.00000000D+00       0.00000000D+00
       0.00000000D+00       0.00000000D+00       0.00000000D+00
       0.10000000D+01

       0.18878250D+00       0.34040333D+00       0.60519883D+00
       0.97182320D+00       0.15392292D+01       0.22589817D+01
       0.31471313D+01       0.39396704D+01       0.42895822D+01
       0.37476356D+01       0.22404876D+01       0.84577371D+00
       0.14950546D+00       0.43648311D-02      -0.14893834D-03
       0.10585538D-04

      -0.41415150D-01      -0.83002101D-01      -0.13667505D+00
      -0.23204881D+00      -0.35303950D+00      -0.53495551D+00
      -0.72984115D+00      -0.93785848D+00      -0.10183861D+01
      -0.92700772D+00      -0.56642049D+00      -0.22817836D+00
       0.10293595D-01       0.75759454D-01       0.37061403D-01
       0.67006861D-02

       0.00000000D+00       0.00000000D+00       0.00000000D+00
       0.00000000D+00       0.00000000D+00       0.00000000D+00
       0.00000000D+00       0.00000000D+00       0.00000000D+00
       0.00000000D+00       0.00000000D+00       0.00000000D+00
       0.00000000D+00       0.10000000D+01       0.00000000D+00
       0.00000000D+00

       0.00000000D+00       0.00000000D+00       0.00000000D+00
       0.00000000D+00       0.00000000D+00       0.00000000D+00
       0.00000000D+00       0.00000000D+00       0.00000000D+00
       0.00000000D+00       0.00000000D+00       0.00000000D+00
       0.00000000D+00       0.00000000D+00       0.10000000D+01
       0.00000000D+00

       0.00000000D+00       0.00000000D+00       0.00000000D+00
       0.00000000D+00       0.00000000D+00       0.00000000D+00
       0.00000000D+00       0.00000000D+00       0.00000000D+00
       0.00000000D+00       0.00000000D+00       0.00000000D+00
       0.00000000D+00       0.00000000D+00       0.00000000D+00
       0.10000000D+01

       0.00000000D+00       0.00000000D+00       0.00000000D+00
       0.00000000D+00       0.00000000D+00       0.00000000D+00
       0.00000000D+00       0.00000000D+00       0.00000000D+00
       0.00000000D+00       0.00000000D+00       0.00000000D+00
       0.10000000D+01       0.00000000D+00       0.00000000D+00
       0.00000000D+00

       0.00000000D+00       0.00000000D+00       0.00000000D+00
       0.00000000D+00       0.00000000D+00       0.00000000D+00
       0.00000000D+00       0.00000000D+00       0.00000000D+00
       0.00000000D+00       0.00000000D+00       0.00000000D+00
       0.00000000D+00       0.10000000D+01       0.00000000D+00
       0.00000000D+00

       0.00000000D+00       0.00000000D+00       0.00000000D+00
       0.00000000D+00       0.00000000D+00       0.00000000D+00
       0.00000000D+00       0.00000000D+00       0.00000000D+00
       0.00000000D+00       0.00000000D+00       0.00000000D+00
       0.00000000D+00       0.00000000D+00       0.10000000D+01
       0.00000000D+00

       0.00000000D+00       0.00000000D+00       0.00000000D+00
       0.00000000D+00       0.00000000D+00       0.00000000D+00
       0.00000000D+00       0.00000000D+00       0.00000000D+00
       0.00000000D+00       0.00000000D+00       0.00000000D+00
       0.00000000D+00       0.00000000D+00       0.00000000D+00
       0.10000000D+01

   1   1      ELECTRONIC AND NUCLEAR CHARGE
ALL           ALL-ELECTRON ATOM TYPE
   6          NUMBER OF ATOMS OF TYPE HYD
ALL-HYD001
ALL-HYD002
ALL-HYD003
ALL-HYD004
ALL-HYD005
ALL-HYD006
EXTRABASIS    CONTROLS USAGE OF SUPPLEMENTARY BASIS FUNCTIONS
   6          NUMBER OF BARE GAUSSIANS
   4   3   1  NUMBER OF S,P,D FUNCTIONS
   0   1   1  SUPPLEMENTARY S,P,D FUNCTIONS
       0.77840802D+02       0.11534417D+02       0.26138581D+01
       0.73216633D+00       0.22838190D+00       0.74506970D-01

       0.37656770D-01       0.70363226D-01       0.11314554D+00
       0.13939351D+00       0.10916358D+00       0.35856994D-01

       0.00000000D+00       0.00000000D+00       0.00000000D+00
       0.10000000D+01       0.00000000D+00       0.00000000D+00

       0.00000000D+00       0.00000000D+00       0.00000000D+00
       0.00000000D+00       0.10000000D+01       0.00000000D+00

       0.00000000D+00       0.00000000D+00       0.00000000D+00
       0.00000000D+00       0.00000000D+00       0.10000000D+01

       0.00000000D+00       0.00000000D+00       0.10000000D+01
       0.00000000D+00       0.00000000D+00       0.00000000D+00

       0.00000000D+00       0.00000000D+00       0.00000000D+00
       0.10000000D+01       0.00000000D+00       0.00000000D+00

       0.00000000D+00       0.00000000D+00       0.00000000D+00
       0.00000000D+00       0.10000000D+01       0.00000000D+00

       0.00000000D+00       0.00000000D+00       0.00000000D+00
       0.00000000D+00       0.00000000D+00       0.10000000D+01

       0.00000000D+00       0.00000000D+00       0.00000000D+00
       0.10000000D+01       0.00000000D+00       0.00000000D+00

       0.00000000D+00       0.00000000D+00       0.00000000D+00
       0.00000000D+00       0.10000000D+01       0.00000000D+00

ELECTRONS
WFOUT
