BEGIN-ALL-HYD
EXTRABASIS    CONTROLS USAGE OF SUPPLEMENTARY BASIS FUNCTIONS
   6          NUMBER OF BARE GAUSSIANS
   4   3   1  NUMBER OF S,P,D FUNCTIONS
   0   1   1  SUPPLEMENTARY S,P,D FUNCTIONS
       0.77840802D+02       0.11534417D+02       0.26138581D+01
       0.73216633D+00       0.22838190D+00       0.74506970D-01

       0.37656770D-01       0.70363226D-01       0.11314554D+00
       0.13939351D+00       0.10916358D+00       0.35856994D-01

       0.00000000D+00       0.00000000D+00       0.00000000D+00
       0.10000000D+01       0.00000000D+00       0.00000000D+00

       0.00000000D+00       0.00000000D+00       0.00000000D+00
       0.00000000D+00       0.10000000D+01       0.00000000D+00

       0.00000000D+00       0.00000000D+00       0.00000000D+00
       0.00000000D+00       0.00000000D+00       0.10000000D+01

       0.00000000D+00       0.00000000D+00       0.10000000D+01
       0.00000000D+00       0.00000000D+00       0.00000000D+00

       0.00000000D+00       0.00000000D+00       0.00000000D+00
       0.10000000D+01       0.00000000D+00       0.00000000D+00

       0.00000000D+00       0.00000000D+00       0.00000000D+00
       0.00000000D+00       0.10000000D+01       0.00000000D+00

       0.00000000D+00       0.00000000D+00       0.00000000D+00
       0.00000000D+00       0.00000000D+00       0.10000000D+01

       0.00000000D+00       0.00000000D+00       0.00000000D+00
       0.10000000D+01       0.00000000D+00       0.00000000D+00

       0.00000000D+00       0.00000000D+00       0.00000000D+00
       0.00000000D+00       0.10000000D+01       0.00000000D+00
END-ALL-HYD
BEGIN-ALL-LIT 
EXTRABASIS    CONTROLS USAGE OF SUPPLEMENTARY BASIS FUNCTIONS
  10          NUMBER OF BARE GAUSSIANS
   5   3   1  NUMBER OF S,P,D FUNCTIONS
   0   1   1  SUPPLEMENTARY S,P,D FUNCTIONS
       0.32002407D+04       0.47796152D+03       0.10846472D+03
       0.30622913D+02       0.99259160D+01       0.34886950D+01
       0.12821342D+01       0.46694187D+00       0.76047880D-01
       0.28278450D-01

       0.87121280D-01       0.16303025D+00       0.27882333D+00
       0.43199989D+00       0.56522395D+00       0.56080628D+00
       0.36359567D+00       0.92471009D-01       0.10328238D-02
      -0.15543685D-03

      -0.15568426D-01      -0.29088982D-01      -0.50146451D-01
      -0.78375261D-01      -0.10710190D+00      -0.11675065D+00
      -0.98758128D-01      -0.40081449D-01       0.53625934D-01
       0.28178334D-01

       0.00000000D+00       0.00000000D+00       0.00000000D+00
       0.00000000D+00       0.00000000D+00       0.00000000D+00
       0.00000000D+00       0.10000000D+01       0.00000000D+00
       0.00000000D+00

       0.00000000D+00       0.00000000D+00       0.00000000D+00
       0.00000000D+00       0.00000000D+00       0.00000000D+00
       0.00000000D+00       0.00000000D+00       0.10000000D+01
       0.00000000D+00

       0.00000000D+00       0.00000000D+00       0.00000000D+00
       0.00000000D+00       0.00000000D+00       0.00000000D+00
       0.00000000D+00       0.00000000D+00       0.00000000D+00
       0.10000000D+01

       0.00000000D+00       0.00000000D+00       0.00000000D+00
       0.00000000D+00       0.00000000D+00       0.00000000D+00
       0.10000000D+01       0.00000000D+00       0.00000000D+00
       0.00000000D+00

       0.00000000D+00       0.00000000D+00       0.00000000D+00
       0.00000000D+00       0.00000000D+00       0.00000000D+00
       0.00000000D+00       0.10000000D+01       0.00000000D+00
       0.00000000D+00

       0.00000000D+00       0.00000000D+00       0.00000000D+00
       0.00000000D+00       0.00000000D+00       0.00000000D+00
       0.00000000D+00       0.00000000D+00       0.10000000D+01
       0.00000000D+00

       0.00000000D+00       0.00000000D+00       0.00000000D+00
       0.00000000D+00       0.00000000D+00       0.00000000D+00
       0.00000000D+00       0.00000000D+00       0.00000000D+00
       0.10000000D+01

       0.00000000D+00       0.00000000D+00       0.00000000D+00
       0.00000000D+00       0.00000000D+00       0.00000000D+00
       0.00000000D+00       0.10000000D+01       0.00000000D+00
       0.00000000D+00

       0.00000000D+00       0.00000000D+00       0.00000000D+00
       0.00000000D+00       0.00000000D+00       0.00000000D+00
       0.00000000D+00       0.00000000D+00       0.10000000D+01
       0.00000000D+00
END-ALL-LIT
BEGIN-ALL-CAR
EXTRABASIS    CONTROLS USAGE OF SUPPLEMENTARY BASIS FUNCTIONS
  12          NUMBER OF BARE GAUSSIANS
   5   4   3  NUMBER OF S,P,D FUNCTIONS
   0   0   1  SUPPLEMENTARY S,P,D FUNCTIONS
       0.22213361D+05       0.33317370D+04       0.75790135D+03
       0.21454372D+03       0.69924889D+02       0.25086135D+02
       0.95910418D+01       0.38024557D+01       0.14891854D+01
       0.57487653D+00       0.21494732D+00       0.77209650D-01

       0.19792249D+00       0.36998977D+00       0.63644615D+00
       0.10124931D+01       0.14480787D+01       0.17173689D+01
       0.14931932D+01       0.68987161D+00       0.86072247D-01
      -0.16566695D-02       0.37766033D-03      -0.47105343D-04

      -0.45005260D-01      -0.84621052D-01      -0.14496564D+00
      -0.23535601D+00      -0.34215368D+00      -0.44595124D+00
      -0.45263971D+00      -0.32216414D+00      -0.12988420D-01
       0.20135471D+00       0.12769912D+00       0.14135467D-01

       0.00000000D+00       0.00000000D+00       0.00000000D+00
       0.00000000D+00       0.00000000D+00       0.00000000D+00
       0.00000000D+00       0.00000000D+00       0.00000000D+00
       0.10000000D+01       0.00000000D+00       0.00000000D+00

       0.00000000D+00       0.00000000D+00       0.00000000D+00
       0.00000000D+00       0.00000000D+00       0.00000000D+00
       0.00000000D+00       0.00000000D+00       0.00000000D+00
       0.00000000D+00       0.10000000D+01       0.00000000D+00

       0.00000000D+00       0.00000000D+00       0.00000000D+00
       0.00000000D+00       0.00000000D+00       0.00000000D+00
       0.00000000D+00       0.00000000D+00       0.00000000D+00
       0.00000000D+00       0.00000000D+00       0.10000000D+01

       0.23138630D-01       0.42649133D-01       0.74658851D-01
       0.12024115D+00       0.18351176D+00       0.24706804D+00
       0.30714219D+00       0.31372706D+00       0.26726340D+00
       0.14756585D+00       0.47585576D-01       0.72796459D-02

       0.00000000D+00       0.00000000D+00       0.00000000D+00
       0.00000000D+00       0.00000000D+00       0.00000000D+00
       0.00000000D+00       0.00000000D+00       0.00000000D+00
       0.10000000D+01       0.00000000D+00       0.00000000D+00

       0.00000000D+00       0.00000000D+00       0.00000000D+00
       0.00000000D+00       0.00000000D+00       0.00000000D+00
       0.00000000D+00       0.00000000D+00       0.00000000D+00
       0.00000000D+00       0.10000000D+01       0.00000000D+00

       0.00000000D+00       0.00000000D+00       0.00000000D+00
       0.00000000D+00       0.00000000D+00       0.00000000D+00
       0.00000000D+00       0.00000000D+00       0.00000000D+00
       0.00000000D+00       0.00000000D+00       0.10000000D+01

       0.00000000D+00       0.00000000D+00       0.00000000D+00
       0.00000000D+00       0.00000000D+00       0.00000000D+00
       0.00000000D+00       0.00000000D+00       0.10000000D+01
       0.00000000D+00       0.00000000D+00       0.00000000D+00

       0.00000000D+00       0.00000000D+00       0.00000000D+00
       0.00000000D+00       0.00000000D+00       0.00000000D+00
       0.00000000D+00       0.00000000D+00       0.00000000D+00
       0.10000000D+01       0.00000000D+00       0.00000000D+00

       0.00000000D+00       0.00000000D+00       0.00000000D+00
       0.00000000D+00       0.00000000D+00       0.00000000D+00
       0.00000000D+00       0.00000000D+00       0.00000000D+00
       0.00000000D+00       0.10000000D+01       0.00000000D+00

       0.00000000D+00       0.00000000D+00       0.00000000D+00
       0.00000000D+00       0.00000000D+00       0.00000000D+00
       0.00000000D+00       0.00000000D+00       0.00000000D+00
       0.00000000D+00       0.00000000D+00       0.10000000D+01
END-ALL-CAR
BEGIN-ALL-BER
EXTRABASIS    CONTROLS USAGE OF SUPPLEMENTARY BASIS FUNCTIONS
  10          NUMBER OF BARE GAUSSIANS
   5   3   1  NUMBER OF S,P,D FUNCTIONS
   0   1   1  SUPPLEMENTARY S,P,D FUNCTIONS
       0.58595071D+04       0.87762084D+03       0.19917234D+03
       0.56263071D+02       0.18269616D+02       0.64736671D+01
       0.24456887D+01       0.93417392D+00       0.18170392D+00
       0.59064700D-01

       0.13567476D+00       0.25395669D+00       0.43429126D+00
       0.67502908D+00       0.89178205D+00       0.90249230D+00
       0.57998245D+00       0.15360254D+00       0.21075944D-02
      -0.22472705D-03

      -0.27969312D-01      -0.51706633D-01      -0.90621869D-01
      -0.13923594D+00      -0.19888837D+00      -0.21428270D+00
      -0.19429015D+00      -0.66344984D-01       0.10913021D+00
       0.48181094D-01

       0.00000000D+00       0.00000000D+00       0.00000000D+00
       0.00000000D+00       0.00000000D+00       0.00000000D+00
       0.00000000D+00       0.10000000D+01       0.00000000D+00
       0.00000000D+00

       0.00000000D+00       0.00000000D+00       0.00000000D+00
       0.00000000D+00       0.00000000D+00       0.00000000D+00
       0.00000000D+00       0.00000000D+00       0.10000000D+01
       0.00000000D+00

       0.00000000D+00       0.00000000D+00       0.00000000D+00
       0.00000000D+00       0.00000000D+00       0.00000000D+00
       0.00000000D+00       0.00000000D+00       0.00000000D+00
       0.10000000D+01

       0.00000000D+00       0.00000000D+00       0.00000000D+00
       0.00000000D+00       0.00000000D+00       0.00000000D+00
       0.10000000D+01       0.00000000D+00       0.00000000D+00
       0.00000000D+00

       0.00000000D+00       0.00000000D+00       0.00000000D+00
       0.00000000D+00       0.00000000D+00       0.00000000D+00
       0.00000000D+00       0.10000000D+01       0.00000000D+00
       0.00000000D+00

       0.00000000D+00       0.00000000D+00       0.00000000D+00
       0.00000000D+00       0.00000000D+00       0.00000000D+00
       0.00000000D+00       0.00000000D+00       0.10000000D+01
       0.00000000D+00

       0.00000000D+00       0.00000000D+00       0.00000000D+00
       0.00000000D+00       0.00000000D+00       0.00000000D+00
       0.00000000D+00       0.00000000D+00       0.00000000D+00
       0.10000000D+01

       0.00000000D+00       0.00000000D+00       0.00000000D+00
       0.00000000D+00       0.00000000D+00       0.00000000D+00
       0.00000000D+00       0.10000000D+01       0.00000000D+00
       0.00000000D+00

       0.00000000D+00       0.00000000D+00       0.00000000D+00
       0.00000000D+00       0.00000000D+00       0.00000000D+00
       0.00000000D+00       0.00000000D+00       0.10000000D+01
       0.00000000D+00
END-ALL-BER
BEGIN-ALL-NIT
EXTRABASIS    CONTROLS USAGE OF SUPPLEMENTARY BASIS FUNCTIONS
  13          NUMBER OF BARE GAUSSIANS
   5   4   3  NUMBER OF S,P,D FUNCTIONS
   0   0   1  SUPPLEMENTARY S,P,D FUNCTIONS
       0.51750624D+05       0.78061653D+04       0.17858362D+04
       0.50740929D+03       0.16585097D+03       0.59844766D+02
       0.23134699D+02       0.94184589D+01       0.39417948D+01
       0.16227426D+01       0.65266572D+00       0.25437155D+00
       0.94111740D-01

       0.19197755D+00       0.35747924D+00       0.61558443D+00
       0.99261411D+00       0.14821428D+01       0.19554568D+01
       0.20849295D+01       0.15123709D+01       0.51939474D+00
       0.37178034D-01      -0.38092341D-03       0.30738307D-04
      -0.11450791D-05

      -0.44607886D-01      -0.83005552D-01      -0.14345921D+00
      -0.23223780D+00      -0.35407987D+00      -0.48686220D+00
      -0.58382575D+00      -0.53027335D+00      -0.29302275D+00
       0.10179054D+00       0.25102347D+00       0.12355429D+00
       0.11009467D-01

       0.00000000D+00       0.00000000D+00       0.00000000D+00
       0.00000000D+00       0.00000000D+00       0.00000000D+00
       0.00000000D+00       0.00000000D+00       0.00000000D+00
       0.00000000D+00       0.10000000D+01       0.00000000D+00
       0.00000000D+00

       0.00000000D+00       0.00000000D+00       0.00000000D+00
       0.00000000D+00       0.00000000D+00       0.00000000D+00
       0.00000000D+00       0.00000000D+00       0.00000000D+00
       0.00000000D+00       0.00000000D+00       0.10000000D+01
       0.00000000D+00

       0.00000000D+00       0.00000000D+00       0.00000000D+00
       0.00000000D+00       0.00000000D+00       0.00000000D+00
       0.00000000D+00       0.00000000D+00       0.00000000D+00
       0.00000000D+00       0.00000000D+00       0.00000000D+00
       0.10000000D+01

       0.31391168D-01       0.47941496D-01       0.96247018D-01
       0.14124029D+00       0.23641834D+00       0.31893810D+00
       0.43499604D+00       0.48425697D+00       0.47899609D+00
       0.36632095D+00       0.17512379D+00       0.51871492D-01
       0.72473097D-02

       0.00000000D+00       0.00000000D+00       0.00000000D+00
       0.00000000D+00       0.00000000D+00       0.00000000D+00
       0.00000000D+00       0.00000000D+00       0.00000000D+00
       0.00000000D+00       0.10000000D+01       0.00000000D+00
       0.00000000D+00

       0.00000000D+00       0.00000000D+00       0.00000000D+00
       0.00000000D+00       0.00000000D+00       0.00000000D+00
       0.00000000D+00       0.00000000D+00       0.00000000D+00
       0.00000000D+00       0.00000000D+00       0.10000000D+01
       0.00000000D+00

       0.00000000D+00       0.00000000D+00       0.00000000D+00
       0.00000000D+00       0.00000000D+00       0.00000000D+00
       0.00000000D+00       0.00000000D+00       0.00000000D+00
       0.00000000D+00       0.00000000D+00       0.00000000D+00
       0.10000000D+01

       0.00000000D+00       0.00000000D+00       0.00000000D+00
       0.00000000D+00       0.00000000D+00       0.00000000D+00
       0.00000000D+00       0.00000000D+00       0.00000000D+00
       0.10000000D+01       0.00000000D+00       0.00000000D+00
       0.00000000D+00

       0.00000000D+00       0.00000000D+00       0.00000000D+00
       0.00000000D+00       0.00000000D+00       0.00000000D+00
       0.00000000D+00       0.00000000D+00       0.00000000D+00
       0.00000000D+00       0.10000000D+01       0.00000000D+00
       0.00000000D+00

       0.00000000D+00       0.00000000D+00       0.00000000D+00
       0.00000000D+00       0.00000000D+00       0.00000000D+00
       0.00000000D+00       0.00000000D+00       0.00000000D+00
       0.00000000D+00       0.00000000D+00       0.10000000D+01
       0.00000000D+00

       0.00000000D+00       0.00000000D+00       0.00000000D+00
       0.00000000D+00       0.00000000D+00       0.00000000D+00
       0.00000000D+00       0.00000000D+00       0.00000000D+00
       0.00000000D+00       0.00000000D+00       0.00000000D+00
       0.10000000D+01
END-ALL-NIT
BEGIN-ALL-OXY
EXTRABASIS    CONTROLS USAGE OF SUPPLEMENTARY BASIS FUNCTIONS
  13          NUMBER OF BARE GAUSSIANS
   5   4   3  NUMBER OF S,P,D FUNCTIONS
   0   0   1  SUPPLEMENTARY S,P,D FUNCTIONS
       0.61209952D+05       0.91916606D+04       0.20946927D+04
       0.59354959D+03       0.19364685D+03       0.69779374D+02
       0.26939753D+02       0.10934186D+02       0.45657112D+01
       0.18840572D+01       0.75530584D+00       0.29155274D+00
       0.10491740D+00

       0.24845108D+00       0.46406920D+00       0.80002801D+00
       0.12882592D+01       0.19123013D+01       0.24843175D+01
       0.25659283D+01       0.17102678D+01       0.48627678D+00
       0.21286296D-01       0.38763869D-03      -0.12731795D-03
       0.18053006D-04

      -0.58376994D-01      -0.10918697D+00      -0.18842557D+00
      -0.30608038D+00      -0.46279755D+00      -0.63526571D+00
      -0.74235167D+00      -0.65086995D+00      -0.28503387D+00
       0.19458579D+00       0.30017874D+00       0.12051467D+00
       0.73045803D-02

       0.00000000D+00       0.00000000D+00       0.00000000D+00
       0.00000000D+00       0.00000000D+00       0.00000000D+00
       0.00000000D+00       0.00000000D+00       0.00000000D+00
       0.00000000D+00       0.10000000D+01       0.00000000D+00
       0.00000000D+00

       0.00000000D+00       0.00000000D+00       0.00000000D+00
       0.00000000D+00       0.00000000D+00       0.00000000D+00
       0.00000000D+00       0.00000000D+00       0.00000000D+00
       0.00000000D+00       0.00000000D+00       0.10000000D+01
       0.00000000D+00

       0.00000000D+00       0.00000000D+00       0.00000000D+00
       0.00000000D+00       0.00000000D+00       0.00000000D+00
       0.00000000D+00       0.00000000D+00       0.00000000D+00
       0.00000000D+00       0.00000000D+00       0.00000000D+00
       0.10000000D+01

       0.48030854D-01       0.76731459D-01       0.14933857D+00
       0.22418295D+00       0.36838054D+00       0.50023761D+00
       0.67649373D+00       0.73906750D+00       0.70963213D+00
       0.49546302D+00       0.21310755D+00       0.57317138D-01
       0.62809154D-02

       0.00000000D+00       0.00000000D+00       0.00000000D+00
       0.00000000D+00       0.00000000D+00       0.00000000D+00
       0.00000000D+00       0.00000000D+00       0.00000000D+00
       0.00000000D+00       0.10000000D+01       0.00000000D+00
       0.00000000D+00

       0.00000000D+00       0.00000000D+00       0.00000000D+00
       0.00000000D+00       0.00000000D+00       0.00000000D+00
       0.00000000D+00       0.00000000D+00       0.00000000D+00
       0.00000000D+00       0.00000000D+00       0.10000000D+01
       0.00000000D+00

       0.00000000D+00       0.00000000D+00       0.00000000D+00
       0.00000000D+00       0.00000000D+00       0.00000000D+00
       0.00000000D+00       0.00000000D+00       0.00000000D+00
       0.00000000D+00       0.00000000D+00       0.00000000D+00
       0.10000000D+01

       0.00000000D+00       0.00000000D+00       0.00000000D+00
       0.00000000D+00       0.00000000D+00       0.00000000D+00
       0.00000000D+00       0.00000000D+00       0.00000000D+00
       0.10000000D+01       0.00000000D+00       0.00000000D+00
       0.00000000D+00

       0.00000000D+00       0.00000000D+00       0.00000000D+00
       0.00000000D+00       0.00000000D+00       0.00000000D+00
       0.00000000D+00       0.00000000D+00       0.00000000D+00
       0.00000000D+00       0.10000000D+01       0.00000000D+00
       0.00000000D+00

       0.00000000D+00       0.00000000D+00       0.00000000D+00
       0.00000000D+00       0.00000000D+00       0.00000000D+00
       0.00000000D+00       0.00000000D+00       0.00000000D+00
       0.00000000D+00       0.00000000D+00       0.10000000D+01
       0.00000000D+00

       0.00000000D+00       0.00000000D+00       0.00000000D+00
       0.00000000D+00       0.00000000D+00       0.00000000D+00
       0.00000000D+00       0.00000000D+00       0.00000000D+00
       0.00000000D+00       0.00000000D+00       0.00000000D+00
       0.10000000D+01
END-ALL-OXY
