         5           5
-0.5109328115470336 0.5109328115470336 -0.5109328115470336
-0.5109328115470336 -0.5109328115470336 0.5109328115470336
-3.7794522516738563e-06 7.558904503347713e-06 3.7794522516738563e-06
0.5109328115470336 0.5109328115470336 0.5109328115470336
0.5109328115470336 -0.5109328115470336 -0.5109328115470336
0.5109328115470336 0.5109328115470336 0.5109328115470336
-1.8897261258369282e-06 1.8897261258369282e-06 0.0
0.5109328115470336 -0.5109328115470336 -0.5109328115470336
-0.5109328115470336 -0.5109328115470336 0.5109328115470336
-0.5109328115470336 0.5109328115470336 -0.5109328115470336
