       0.856916034355      3.231179376867      7.479596339840      9.984321778803
       0.854365694822      3.231185216512      7.479729333256     10.012130668140
       0.919174795516      3.241759257968      7.543279704764     10.012141556780
       0.886687276121      3.264693704120      7.553681094064     10.061550930518
       1.229142908270      3.294702150515      7.553813279773     10.061561510312
       1.102517764155      3.294706809059      7.610904273826     10.142974682215
       0.990048292910      3.367090621766      7.610910342538     10.174772221683
       1.144117206109      3.367098091476      7.638622268922     21.919602827006
       1.209106892835      3.400527890965      7.644399385658     23.007590528758
       1.035245770664      3.400534910415      7.644409391935      1.680268691786
       0.680746956819      3.483702377549      7.713516215558      0.000000000000
       0.697107827209      3.483712608374      7.743059718125      0.000000000000
       0.725080284020      3.500718474007      7.901803844335      0.000000000000
       1.343658774315      3.500728661843      7.901845973757      0.000000000000
       1.308532696239      3.801006953385      7.922273650928      0.000000000000
       1.363066706459      7.441878089510      7.922322473272      1.882193487493
       0.654484119180      7.463292706898      9.964181179565      1.910324683942
       0.855684985783      2.265471707558      2.609782359181      3.241757942953
       0.862405160226      2.270118681946      2.623953774435      3.264691188379
       0.838158431015      2.270127755516      2.632151955953      3.294700534609
       1.046668532831      2.292701912084      2.632160175220      3.294704791634
       0.751562234222      2.306161429407      2.639920129546      3.367090685006
       0.728591412441      2.343692043895      2.703970285804      3.367096500791
       0.901408483054      2.358993187699      2.727074317992      3.400526765104
       1.082769109140      2.382934279589      2.727081222274      3.400533815820
       0.708355689030      2.382942014859      2.796775862231      3.483701389662
       0.978379300778      2.439576425828      2.904935982474      3.483712224912
       0.691294103316      2.439586030628      2.996451743088      3.500719166035
       1.129228630553      2.452233606715      2.996459811088      3.500727642384
       1.194118649699      2.493607111896      3.040496366075      3.801008280852
       1.253174111487      2.493619212042      3.108433971314      7.441873148371
       1.273909745383      2.571455271545      3.200171918615      7.463287752153
       1.360631554435      2.571456867196      3.231175876600      7.479590719815
       1.343659866608      2.609779863509      3.231184109194      7.479724815618
