         17           17
-0.000939574 0.001180889 -2.209282837
0.037737762 0.033458227 -2.675312455
-0.375912981 -0.231692343 -2.007771029
2.032226268 1.131516356 -2.748597889
-0.030954098 0.463303457 -2.081704148
1.975806971 -1.231283515 2.778294263
0.374172500 -0.274425128 -2.046086253
-2.034117724 1.134130372 -2.773630872
0.001079102 -0.000305041 2.209427214
-0.365049264 0.281495155 2.040871122
0.030043214 -0.469561589 2.091962782
-1.971205003 -1.178847122 2.831595743
-0.036301530 -0.048246252 2.673522920
0.365662757 0.240594063 2.003947921
0.022998974 0.044416339 -0.007134456
0.002499230 -2.304611498 -2.822195296
-0.043712185 2.348235155 2.727756456
-0.001083174 0.000842884 -2.209521765
-2.012604747 1.225258181 -2.745386315
0.376062690 -0.267938460 -2.040478469
-0.022432201 0.464464236 -2.079251369
0.027927830 0.031846349 -2.674935372
-0.375510666 -0.235688547 -2.014847997
-2.020059393 -1.143659376 2.759155658
-0.000708799 -0.001249921 2.209004941
-0.026745740 -0.014458752 0.006808313
-0.042725879 -0.449830140 2.042402156
0.049813247 0.015030795 2.676590785
0.400822888 0.249723911 2.074242778
-0.404102345 0.193020413 2.019711086
2.008273936 1.118131874 -2.818718852
0.089799879 -2.333423381 -2.759607053
2.021173393 -1.169469580 2.782025263
-0.021634589 2.321833370 2.789113673
