17 17
-0.0009395740 0.0011808890 -2.2092828370
0.0377377620 0.0334582270 -2.6753124550
-0.3759129810 -0.2316923430 -2.0077710290
2.0322262680 1.1315163560 -2.7485978890
-0.0309540980 0.4633034570 -2.0817041480
1.9758069710 -1.2312835150 2.7782942630
0.3741725000 -0.2744251280 -2.0460862530
-2.0341177240 1.1341303720 -2.7736308720
0.0010791020 -0.0003050410 2.2094272140
-0.3650492640 0.2814951550 2.0408711220
0.0300432140 -0.4695615890 2.0919627820
-1.9712050030 -1.1788471220 2.8315957430
-0.0363015300 -0.0482462520 2.6735229200
0.3656627570 0.2405940630 2.0039479210
0.0229989740 0.0444163390 -0.0071344560
0.0024992300 -2.3046114980 -2.8221952960
-0.0437121850 2.3482351550 2.7277564560
-0.0010831740 0.0008428840 -2.2095217650
-2.0126047470 1.2252581810 -2.7453863150
0.3760626900 -0.2679384600 -2.0404784690
-0.0224322010 0.4644642360 -2.0792513690
0.0279278300 0.0318463490 -2.6749353720
-0.3755106660 -0.2356885470 -2.0148479970
-2.0200593930 -1.1436593760 2.7591556580
-0.0007087990 -0.0012499210 2.2090049410
-0.0267457400 -0.0144587520 0.0068083130
-0.0427258790 -0.4498301400 2.0424021560
0.0498132470 0.0150307950 2.6765907850
0.4008228880 0.2497239110 2.0742427780
-0.4041023450 0.1930204130 2.0197110860
2.0082739360 1.1181318740 -2.8187188520
0.0897998790 -2.3334233810 -2.7596070530
2.0211733930 -1.1694695800 2.7820252630
-0.0216345890 2.3218333700 2.7891136730
