          17          17
        -0.0009395740        0.0011808890       -2.2092828370    1   1
        -0.0000402863       -0.0000226376       -0.0000354870
         0.0377377620        0.0334582270       -2.6753124550    1   2
        -0.0000074480        0.0000384561       -0.0000111252
        -0.3759129810       -0.2316923430       -2.0077710290    1   3
        -0.0000139768        0.0000141111        0.0000159137
         2.0322262680        1.1315163560       -2.7485978890    1   4
        -0.0000195786       -0.0000105267       -0.0000270187
        -0.0309540980        0.4633034570       -2.0817041480    1   5
        -0.0000151502       -0.0000158324       -0.0000168914
         1.9758069710       -1.2312835150        2.7782942630    1   6
        -0.0000201540        0.0000144622        0.0000155920
         0.3741725000       -0.2744251280       -2.0460862530    1   7
        -0.0000061960        0.0000117513        0.0000008547
        -2.0341177240        1.1341303720       -2.7736308720    1   8
         0.0000212660       -0.0000098699       -0.0000287520
         0.0010791020       -0.0003050410        2.2094272140    1   9
         0.0000101035        0.0000771005       -0.0000309616
        -0.3650492640        0.2814951550        2.0408711220    1  10
        -0.0000366856        0.0000051058       -0.0000161123
         0.0300432140       -0.4695615890        2.0919627820    1  11
        -0.0000122202       -0.0000158234       -0.0000038516
        -1.9712050030       -1.1788471220        2.8315957430    1  12
         0.0000202665        0.0000133073        0.0000182135
        -0.0363015300       -0.0482462520        2.6735229200    1  13
        -0.0000250677       -0.0000356130        0.0000099855
         0.3656627570        0.2405940630        2.0039479210    1  14
         0.0000141723        0.0000179487       -0.0000505240
         0.0229989740        0.0444163390       -0.0071344560    1  15
         0.0000020685        0.0000012198       -0.0000913239
         0.0024992300       -2.3046114980       -2.8221952960    1  16
         0.0000018127        0.0000229082       -0.0000300501
        -0.0437121850        2.3482351550        2.7277564560    1  17
         0.0000006427       -0.0000254003        0.0000157034

        -0.0010831740        0.0008428840       -2.2095217650    1   1
        -0.0000047881       -0.0000071710       -0.0000134865
        -2.0126047470        1.2252581810       -2.7453863150    1   2
         0.0000273162       -0.0000152543       -0.0000104095
         0.3760626900       -0.2679384600       -2.0404784690    1   3
        -0.0000343582       -0.0000003081       -0.0000015989
        -0.0224322010        0.4644642360       -2.0792513690    1   4
        -0.0000044878       -0.0000290490        0.0000036511
         0.0279278300        0.0318463490       -2.6749353720    1   5
        -0.0000012516       -0.0000077045        0.0000322528
        -0.3755106660       -0.2356885470       -2.0148479970    1   6
         0.0000360200       -0.0000030702       -0.0000001543
        -2.0200593930       -1.1436593760        2.7591556580    1   7
         0.0000177667        0.0000116305        0.0000305689
        -0.0007087990       -0.0012499210        2.2090049410    1   8
        -0.0000364425       -0.0000061401       -0.0000110324
        -0.0267457400       -0.0144587520        0.0068083130    1   9
         0.0000000883       -0.0000005380        0.0000802309
        -0.0427258790       -0.4498301400        2.0424021560    1  10
        -0.0000463202       -0.0000640578       -0.0000265505
         0.0498132470        0.0150307950        2.6765907850    1  11
        -0.0000204395       -0.0000160557        0.0000948831
         0.4008228880        0.2497239110        2.0742427780    1  12
         0.0000480974        0.0000331747       -0.0000357836
        -0.4041023450        0.1930204130        2.0197110860    1  13
        -0.0000766247       -0.0000013003       -0.0000410991
         2.0082739360        1.1181318740       -2.8187188520    1  14
        -0.0000210817       -0.0000151893       -0.0000132749
         0.0897998790       -2.3334233810       -2.7596070530    1  15
         0.0000028249        0.0000290496       -0.0000118774
         2.0211733930       -1.1694695800        2.7820252630    1  16
        -0.0000214614        0.0000078159        0.0000236000
        -0.0216345890        2.3218333700        2.7891136730    1  17
        -0.0000050391       -0.0000215761        0.0000267961

