 ******** TEST FOR LINEAR DEPENDENCIES *********
 ***** EIGENVALUES OF THE OVERLAP MATRICES *****
 REPRESENTATION:           1  DIMEN:           1
           1         192
   0.2583889E-04  0.2762213E-04  0.2098018E-03  0.2176851E-03  0.2177188E-03
   0.2177660E-03  0.2177927E-03  0.2775830E-03  0.3001896E-03  0.3667192E-03
   0.5367767E-03  0.5841465E-03  0.5874137E-03  0.6131874E-03  0.6146585E-03
   0.7175016E-03  0.8251886E-03  0.1279710E-02  0.1281985E-02  0.1832135E-02
   0.2003718E-02  0.2125418E-02  0.2173022E-02  0.2198292E-02  0.2220885E-02
   0.3875983E-02  0.5579207E-02  0.1100177E-01  0.1107795E-01  0.1116357E-01
   0.1121534E-01  0.1236353E-01  0.1706933E-01  0.1742621E-01  0.1830859E-01
   0.2329102E-01  0.3524487E-01  0.3671737E-01  0.3863678E-01  0.3944433E-01
   0.3997030E-01  0.4123652E-01  0.4520775E-01  0.4712634E-01  0.4728705E-01
   0.6178393E-01  0.6341920E-01  0.6399730E-01  0.6422788E-01  0.6902153E-01
   0.7224346E-01  0.8061736E-01  0.8304149E-01  0.8695286E-01  0.8710137E-01
   0.9062442E-01  0.9875526E-01  0.9939147E-01  0.1007831      0.1047867    
   0.1078943      0.1212996      0.1307467      0.1348736      0.1368976    
   0.1428663      0.1472029      0.1531828      0.1588410      0.1594282    
   0.1636641      0.1831965      0.1858709      0.1872576      0.1959676    
   0.2030522      0.2179729      0.2262782      0.2265838      0.2716010    
   0.2767842      0.2792045      0.2821892      0.2831677      0.3020766    
   0.3119210      0.3126055      0.3168449      0.3302503      0.3369883    
   0.3568287      0.4085136      0.4143611      0.4340075      0.4526900    
   0.4857123      0.4918958      0.5039267      0.5081311      0.5426549    
   0.5582017      0.5795520      0.5881293      0.6086181      0.6116265    
   0.6344006      0.6363186      0.6445686      0.6722378      0.6752791    
   0.6940368      0.7024837      0.7119342      0.7303088      0.7336739    
   0.7582883      0.7609478      0.7643247      0.7710977      0.8114320    
   0.8137979      0.8218298      0.8379639      0.8485132      0.8497915    
   0.8529987      0.8967731      0.9137965      0.9245248      0.9381552    
   0.9439155      0.9503930      0.9536861      0.9765374      0.9785518    
   0.9828224      0.9957436      0.9957543       1.003928       1.005747    
    1.015418       1.033887       1.040977       1.041702       1.047868    
    1.059010       1.083642       1.087427       1.130165       1.169265    
    1.184533       1.211971       1.255696       1.259171       1.297625    
    1.381382       1.389612       1.446161       1.460998       1.527427    
    1.532708       1.553206       1.554844       1.682554       1.685909    
    1.727210       1.751009       1.889902       1.892927       2.212353    
    2.263010       2.328987       2.346932       2.377407       2.415944    
    2.417658       2.986053       3.147855       3.174240       3.363500    
    3.684053       3.758988       3.764815       3.814700       3.934504    
    5.606446       6.301795       6.377434       7.589726       7.617049    
    11.41669       14.72588    
