           8
   0.0000000000000000        0.0000000000000000        2.2066010000000000     
          25           1
   3.6150386000000000E-002  -2.5389085317980182     
   7.2300771999999999E-002   4.0398717848375600     
  0.14460154400000000       -5.7171179973972448     
  0.28920308800000000        4.5527184237051497     
  0.57840617599999999       -5.8802579881261741     
   1.1568123520000000        4.2338475766786514     
   2.3136247040000000       -6.7129249429862528     
   4.6272494080000000        3.6643601777713481     
   9.2544988159999999       -6.4148145232054343     
   18.508997632000000        2.4550916578198922     
   37.017995264000000       -3.7644990292117546     
   74.035990527999999        1.2688843944250394     
   148.07198105600000       -2.4091097270446435     
   296.14396211200000        1.0862202446707563     
   592.28792422399999       -1.7571394634657207     
   1184.5758484480000       0.98391321600722537     
   2369.1516968960000       -1.2202851471227694     
   4738.3033937920000       0.83155433816606938     
   9476.6067875839999      -0.94028268175791607     
   18953.213575168000       0.79664926049973595     
   37906.427150336000      -0.95337976147137748     
   75812.854300671999        1.0116799913800880     
   151625.70860134400       -1.0759663759990059     
   303251.41720268800       0.75304818736416446     
   606502.83440537599      -0.29126809031785839     
  
   0.0000000000000000        0.0000000000000000       -2.2066010000000000     
          25           1
   3.6150386000000000E-002  -2.5389085317980182     
   7.2300771999999999E-002   4.0398717848375600     
  0.14460154400000000       -5.7171179973972448     
  0.28920308800000000        4.5527184237051497     
  0.57840617599999999       -5.8802579881261741     
   1.1568123520000000        4.2338475766786514     
   2.3136247040000000       -6.7129249429862528     
   4.6272494080000000        3.6643601777713481     
   9.2544988159999999       -6.4148145232054343     
   18.508997632000000        2.4550916578198922     
   37.017995264000000       -3.7644990292117546     
   74.035990527999999        1.2688843944250394     
   148.07198105600000       -2.4091097270446435     
   296.14396211200000        1.0862202446707563     
   592.28792422399999       -1.7571394634657207     
   1184.5758484480000       0.98391321600722537     
   2369.1516968960000       -1.2202851471227694     
   4738.3033937920000       0.83155433816606938     
   9476.6067875839999      -0.94028268175791607     
   18953.213575168000       0.79664926049973595     
   37906.427150336000      -0.95337976147137748     
   75812.854300671999        1.0116799913800880     
   151625.70860134400       -1.0759663759990059     
   303251.41720268800       0.75304818736416446     
   606502.83440537599      -0.29126809031785839     
  
   0.0000000000000000        2.6329289999999999        3.1861160000000002     
          12           1
   4.9919669900000005E-002  -1.3281355994562223     
   9.9839339800000010E-002   1.8539870147919297     
  0.19967867960000002       -2.2551580076623159     
  0.39935735920000004        2.1016236425384562     
  0.79871471840000008       -2.1050034905889929     
   1.5974294368000002        1.6531163341746038     
   3.1948588736000003       -1.4996051842440035     
   6.3897177472000006        1.1274045981616001     
   12.779435494400001      -0.85906469511816685     
   25.558870988800003       0.51200182783486403     
   51.117741977600005      -0.23682380838493983     
   102.23548395520001        4.0663027475084816E-002
  
  -2.2801830000000001       -1.3164640000000001        3.1861160000000002     
          12           1
   4.9919669900000005E-002  -1.3281355994562223     
   9.9839339800000010E-002   1.8539870147919297     
  0.19967867960000002       -2.2551580076623159     
  0.39935735920000004        2.1016236425384562     
  0.79871471840000008       -2.1050034905889929     
   1.5974294368000002        1.6531163341746038     
   3.1948588736000003       -1.4996051842440035     
   6.3897177472000006        1.1274045981616001     
   12.779435494400001      -0.85906469511816685     
   25.558870988800003       0.51200182783486403     
   51.117741977600005      -0.23682380838493983     
   102.23548395520001        4.0663027475084816E-002
  
   2.2801830000000001       -1.3164640000000001        3.1861160000000002     
          12           1
   4.9919669900000005E-002  -1.3281355994562223     
   9.9839339800000010E-002   1.8539870147919297     
  0.19967867960000002       -2.2551580076623159     
  0.39935735920000004        2.1016236425384562     
  0.79871471840000008       -2.1050034905889929     
   1.5974294368000002        1.6531163341746038     
   3.1948588736000003       -1.4996051842440035     
   6.3897177472000006        1.1274045981616001     
   12.779435494400001      -0.85906469511816685     
   25.558870988800003       0.51200182783486403     
   51.117741977600005      -0.23682380838493983     
   102.23548395520001        4.0663027475084816E-002
  
   0.0000000000000000       -2.6329289999999999       -3.1861160000000002     
          12           1
   4.9919669900000005E-002  -1.3281355994562223     
   9.9839339800000010E-002   1.8539870147919297     
  0.19967867960000002       -2.2551580076623159     
  0.39935735920000004        2.1016236425384562     
  0.79871471840000008       -2.1050034905889929     
   1.5974294368000002        1.6531163341746038     
   3.1948588736000003       -1.4996051842440035     
   6.3897177472000006        1.1274045981616001     
   12.779435494400001      -0.85906469511816685     
   25.558870988800003       0.51200182783486403     
   51.117741977600005      -0.23682380838493983     
   102.23548395520001        4.0663027475084816E-002
  
  -2.2801830000000001        1.3164640000000001       -3.1861160000000002     
          12           1
   4.9919669900000005E-002  -1.3281355994562223     
   9.9839339800000010E-002   1.8539870147919297     
  0.19967867960000002       -2.2551580076623159     
  0.39935735920000004        2.1016236425384562     
  0.79871471840000008       -2.1050034905889929     
   1.5974294368000002        1.6531163341746038     
   3.1948588736000003       -1.4996051842440035     
   6.3897177472000006        1.1274045981616001     
   12.779435494400001      -0.85906469511816685     
   25.558870988800003       0.51200182783486403     
   51.117741977600005      -0.23682380838493983     
   102.23548395520001        4.0663027475084816E-002
  
   2.2801830000000001        1.3164640000000001       -3.1861160000000002     
          12           1
   4.9919669900000005E-002  -1.3281355994562223     
   9.9839339800000010E-002   1.8539870147919297     
  0.19967867960000002       -2.2551580076623159     
  0.39935735920000004        2.1016236425384562     
  0.79871471840000008       -2.1050034905889929     
   1.5974294368000002        1.6531163341746038     
   3.1948588736000003       -1.4996051842440035     
   6.3897177472000006        1.1274045981616001     
   12.779435494400001      -0.85906469511816685     
   25.558870988800003       0.51200182783486403     
   51.117741977600005      -0.23682380838493983     
   102.23548395520001        4.0663027475084816E-002
  
 TO USE THE STARTING POTENTIAL FEATURE, RENAME
 STRTS/STRTSP TO STPOTUP/STPOTDN AND RERUN
