     8 0.02 0.005     17.000000    17.000000  NAT,DX,DE,EUP,EDN
 300.0 0.0  1 6.0                             TEMP,WAVL,IBROAD,FWHM
            28.086000            28.086000             1.007970
             1.007970             1.007970             1.007970
             1.007970             1.007970
                -582.0542520137     1 Energy and Symbol NCALC
           0.00000000           0.00000000           2.20660100  14  14
   0.000000000000D+00   0.000000000000D+00   0.000000000000D+00
           0.00000000           0.00000000          -2.20660100  14  14
   0.000000000000D+00   0.000000000000D+00   0.000000000000D+00
           0.00000000           2.63292900           3.18611600   1   1
   0.000000000000D+00   0.000000000000D+00   0.000000000000D+00
          -2.28018300          -1.31646400           3.18611600   1   1
   0.000000000000D+00   0.000000000000D+00   0.000000000000D+00
           2.28018300          -1.31646400           3.18611600   1   1
   0.000000000000D+00   0.000000000000D+00   0.000000000000D+00
           0.00000000          -2.63292900          -3.18611600   1   1
   0.000000000000D+00   0.000000000000D+00   0.000000000000D+00
          -2.28018300           1.31646400          -3.18611600   1   1
   0.000000000000D+00   0.000000000000D+00   0.000000000000D+00
           2.28018300           1.31646400          -3.18611600   1   1
   0.000000000000D+00   0.000000000000D+00   0.000000000000D+00
  -0.242682221834D-04  -0.139435207668D-03  -0.177485347486D-04
   0.000000000000D+00   0.000000000000D+00   0.000000000000D+00
